0.03644829
0.01370212
0.00624051
0.00080522
0.02379967
0.01826932
0.01120640
0.01461923
0.04258544
0.09494729
0.02145396
0.00361949
0.03760913
0.02414004
0.07993925
0.03278925
0.00367909
0.07258856
0.05939703
0.00670511
0.09326769
0.08006426
0.04749618
0.06030458
0.08135362
0.06570647
0.29634426
0.01810308
0.00404421
0.02370779
0.04810456
0.00746516
0.08792896
0.00999486
0.08845307
0.02299268
0.04541475
0.02290504
0.04824389
0.12746483
0.03487223
0.07397043
0.01653220
0.04904551
0.02359942
0.08937144
0.01462192
0.00355932
0.14392216
0.04361151
0.03708137
0.00086377
0.00061032
0.02575365
0.05320153
0.05518070
0.03139367
0.00859510
0.05687131
0.01434434
0.00209085
0.04500927
0.10968198
0.02819772
0.05501122
0.04081326
0.04179737
0.01547023
0.01709441
0.03183181
0.00356418
0.04810914
0.07726239
0.06648306
0.06244127
0.03443519
0.00395963
0.06553846
0.01600720
0.00652837
