0.55902898
0.38743287
0.21628556
0.51438409
0.32460535
0.33747238
0.45284489
0.39246634
0.32473078
0.27555761
0.27253950
0.46868861
0.17332688
0.47986659
0.15982114
0.44154039
0.38344100
0.87495667
0.49922031
0.25465462
0.34519163
0.51855421
0.31776038
0.23578836
0.55299211
0.38851401
0.24183103
0.49553341
0.41816601
0.63226581
0.18315502
0.47663933
0.21069309
0.47797340
0.79622334
0.11454865
0.19418797
0.45015913
0.12996826
0.15093742
0.21433070
0.45456007
0.34135950
0.30216387
0.36532450
0.67550951
0.18147832
0.52958280
0.23471342
0.39121422
0.17906784
0.25547609
0.28275415
0.14830387
0.33724979
0.44779122
0.45783675
0.23454165
0.35159948
0.29078841
0.47288805
0.38209099
0.29696399
0.46676561
0.17809625
0.24419573
0.41394645
0.29256320
0.43420926
0.15250374
0.23141626
0.25168148
0.27814192
0.51268429
0.21816286
0.15162548
0.41479990
0.25560620
0.35982060
0.64984632
0.31228793
0.26252508
0.10139040
0.80417770
0.23043968
0.50486350
0.32218215
0.16636312
0.09916402
0.22034748
0.20359901
0.51727849
0.24946690
0.18739539
0.32665366
0.44570920
0.35134080
0.52190083
0.26183358
0.21726996
0.20722552
0.42167124
0.57299316
0.44738311
0.37418374
0.33569771
0.38877508
0.37403843
0.28306237
0.44265085
0.41150224
0.44930720
0.56326830
0.31378102
0.18213262
0.21137176
0.56329173
0.04596872
0.86785549
0.47474682
0.32934478
0.31383112
0.50041515
0.27977103
0.63204557
0.13251698
0.44145808
0.22166283
0.20531389
0.46843532
0.87290692
0.10463724
0.12959044
0.27011171
0.26749849
0.46899647
0.50856215
0.32102829
0.07050811
0.20199744
0.57716334
0.30220124
0.30808517
0.44693550
0.11552564
0.18566377
0.36124083
0.33546159
0.37712175
0.78796107
0.35307163
0.48311728
0.34617203
0.46281582
0.26421696
0.76962060
0.29671288
0.19894372
0.08669592
0.14689232
0.27905378
0.28787929
0.34678572
0.44187486
0.18487623
0.36309505
0.23221213
0.44841728
0.25252020
0.05256328
0.30194363
0.19498470
0.26606372
0.32797804
0.35663843
0.30015406
0.08309174
0.73180330
0.07664551
0.65437031
0.18162304
0.45218378
0.74810946
0.57860833
0.58113867
0.26951319
0.47665980
0.09964234
0.48444968
0.21590441
0.23392114
0.24560778
0.32044351
0.68228525
0.33390275
0.22746649
0.36428130
0.11869174
0.20654503
0.39292890
0.44885820
0.30221367
0.16291274
0.38469806
0.58318132
0.29605830
0.42962685
0.29255778
0.34194541
0.17051780
0.44605160
0.26986215
0.41890267
0.41467127
0.47318807
0.29135111
0.08335579
0.24387746
0.24863118
0.18981846
0.10596237
0.18795711
0.23282787
0.36758751
0.27002722
0.36399519
0.36271349
0.21038711
0.14120419
0.36445346
0.18467203
0.51220185
0.14209019
0.10962932
0.59194034
0.45706984
0.48741242
0.27811480
0.29390398
0.13010421
0.13790382
0.29389730
0.33973068
0.09850290
0.24689774
0.41290200
0.10771584
0.47999939
0.41918650
0.37665313
0.32452860
0.61341971
0.26786867
0.14723100
0.45853603
0.24058896
0.22767296
0.69216967
0.10546392
0.50099641
0.30148384
0.32645649
0.47935185
0.16332915
0.21766409
0.37419289
0.37843871
0.36449397
0.15283902
0.56128228
0.13283135
0.21903501
0.22594669
0.12873575
0.32890788
0.32669860
0.25729179
0.26926905
0.62208354
0.40830559
0.27529114
0.25936967
0.12861310
0.52795309
0.56838602
0.48470476
0.18079400
0.40611944
0.68558675
0.50966781
0.65404624
0.86932355
0.24011080
0.21369006
0.48035410
0.30743754
0.57713920
0.25642926
0.26698163
0.24821854
0.09740347
0.21378599
0.40804708
0.84880823
0.46096155
0.41005623
0.37827837
0.16178043
0.31625110
0.12112083
0.24988000
0.20973301
0.32651168
0.28081542
0.21110125
0.44661367
0.41643476
0.44104251
0.33925608
0.19230552
0.38315043
0.52227437
0.16028315
0.39629447
0.20956479
0.35978621
0.34480479
0.38002938
0.63422853
0.74877536
0.66821104
0.25356972
0.29534420
0.45145598
0.46898004
0.39323595
0.75739032
0.39724419
0.25702107
0.87360901
0.24241333
0.41423082
0.37700114
0.28404883
0.31202805
0.25377104
0.35415763
0.25355056
0.27262163
0.45012730
0.20578121
0.31906903
0.43061659
0.55374116
0.22254142
0.29158965
0.21409245
0.49387932
0.09556055
0.10223029
0.48475108
0.41200596
0.18836980
0.20130134
0.61711180
0.42518646
0.18883075
0.32962248
0.73180920
0.22965755
0.38839403
0.27670771
0.62338495
0.33675453
0.27589464
0.20882994
0.07976500
0.19581641
0.29012096
0.16722322
0.19453782
0.52593207
0.28574410
0.18309106
0.22821465
0.26635024
0.29919061
0.42514300
0.54379952
0.18243581
0.16720097
0.59748691
0.27591485
0.12000769
0.56339628
0.43041199
0.48247233
0.35207406
0.43239933
0.41276440
0.37546256
0.60178339
0.58185905
0.37945643
0.43277267
0.20599662
0.40993518
0.39080292
0.16467923
0.37574503
0.50680298
0.52617693
0.87389171
0.26386404
0.14474204
0.32363713
0.23712748
0.67882556
0.15049721
0.51290673
0.13387799
0.27160981
0.28819749
0.21666741
0.75857735
0.39093733
0.60385907
0.41814724
0.32811296
0.18003826
0.29735333
0.45648596
0.27930900
0.31092674
0.30123135
0.43056336
0.41808790
0.27246007
0.28539029
0.43487763
0.28522137
0.28075361
0.19479550
0.59199888
0.71396983
0.13446452
0.78477126
0.32099608
0.38895586
0.51620424
0.18424207
0.31246302
0.12586308
0.32549289
0.36350811
0.43810770
0.75304538
0.46897566
0.19871601
0.31304190
0.35087180
0.37199590
0.47076184
0.17798610
0.57180262
0.55530560
0.92640233
0.36519668
0.25453600
0.40035984
0.34680000
0.36551312
0.50164598
0.74968952
0.33069265
0.55300766
0.45104593
0.38140032
0.35800257
0.51966065
0.32114705
0.33192393
0.31787258
0.23741172
0.83703142
0.18638925
0.41127786
0.29463205
0.68046343
0.28269416
0.31474957
0.34274915
0.58091867
0.71958852
0.50247079
0.19304010
0.27491841
0.42590934
0.31274882
1.18827152
0.50443733
0.33200282
0.26970455
0.24578108
0.53380489
0.25248367
0.30172610
0.28475589
0.43636522
0.42845944
0.21059662
0.79497403
0.36235264
0.32265428
0.95188981
0.31879666
0.34474331
0.43594998
0.33249450
0.52402020
0.36115167
0.43347543
0.32121617
0.24518302
0.53729600
0.19091885
0.46609607
0.53917825
0.56490445
0.40144280
0.55839318
0.40698603
0.43835419
0.34900391
0.23548494
0.26234013
0.30192757
0.35959199
0.39180410
0.28728798
0.45678657
0.62965024
0.40918729
0.27829757
0.66549301
0.19199273
0.51381195
0.16776802
0.43157849
0.32127512
0.46303946
0.33970919
0.37665546
0.18892241
0.28548059
0.29901725
0.39260703
0.21136381
0.27675915
0.20115426
0.42402562
0.41634136
0.41853127
0.35049069
0.33128002
0.87162727
0.84374976
0.44278398
1.38442850
0.18264034
0.13616228
0.57661688
0.25156569
0.21789566
0.53380692
0.43559265
0.47316110
0.25738636
0.22301032
0.41980895
0.33271399
0.30797774
0.66956288
0.38357618
0.29933277
0.20731585
0.60204196
0.42146772
0.27432954
0.25244489
0.19848835
0.50499982
0.47561854
0.49844757
0.34393188
0.28503677
0.22477038
0.67315668
0.39766139
0.25473794
0.30001247
0.63382113
0.78378612
0.32101825
0.22121772
0.39961815
0.53014547
0.31269890
0.53087014
0.20068780
0.51790124
0.40150261
0.51602393
0.23629917
0.40475485
0.15596689
0.32396701
0.32714614
0.47289279
0.11859057
0.27523890
0.33861649
0.29109123
0.58867431
0.32187286
0.41196641
0.30569369
0.21718852
0.30693898
0.09931795
0.22707495
0.44644421
0.36691040
0.32016617
0.58712071
0.63684964
0.48760977
0.42234960
0.26695901
0.41820148
0.38865736
0.38310987
0.29158917
0.45748797
0.20003362
0.47747236
0.67119122
0.31229767
0.29162842
0.33230156
0.24373749
0.29460132
0.35486677
0.68289036
0.52047724
0.20601742
0.34829378
0.27295175
0.30344218
0.30523723
0.62055182
0.33378184
0.28681552
0.51332182
0.40327728
0.32531890
0.57199931
0.43906242
0.28151280
0.41897553
0.32007009
0.36522707
0.17292365
0.29295012
0.36272216
0.38182342
0.55777401
0.33386016
0.58759248
0.36762163
0.56039584
0.67281634
0.35086623
0.14337656
0.41825050
0.63929933
0.41765764
0.58185160
0.87062919
0.51960731
0.43118575
0.28270888
0.31204915
0.44269636
0.61774349
0.37442687
0.45781782
0.69821620
0.16518642
0.25967216
0.60863596
0.22351296
0.29381168
0.20513940
0.44333750
0.60225409
0.41168296
0.42413741
0.41648319
0.26093948
0.20822163
0.18644583
0.40334347
0.32514754
0.34226885
0.83487844
0.26309824
0.32955953
0.44796929
0.73560965
0.37095359
0.26069003
0.64965874
0.16235131
0.72579032
0.37359834
1.05994368
0.25516152
0.36804152
0.24254575
0.24802051
0.43807063
0.50052267
0.80737227
0.37971771
0.39428720
0.56753469
0.33887994
0.38324013
0.44968954
0.42872930
0.22545896
0.58528167
0.63074738
0.58881235
0.34535447
0.17560348
1.01274133
0.62286073
0.31635487
0.82259941
0.40642220
0.29625434
0.44073486
0.15395121
0.34500989
0.30391434
0.57252771
0.34154049
0.49420893
0.78865141
0.59079409
0.60430193
0.24352266
0.24624376
0.24035658
0.28055850
0.57053381
0.46832398
0.33104104
0.57968652
0.27335110
0.67504585
0.32755694
0.42287907
0.34391958
0.56343448
0.36074433
0.33585516
0.39548349
0.35338506
0.49028024
0.44010115
0.21876918
0.58893657
0.49118039
0.69113541
0.47050992
0.43019751
0.74672693
0.38262480
0.24186124
0.54187161
0.30874681
0.51828080
0.60282713
0.46898234
0.38972640
0.32060367
0.47956142
0.49663192
0.43817249
0.54090220
0.50656706
0.25836444
0.20632002
0.22609149
0.33611864
0.35448745
0.64707661
0.34479123
0.52449661
0.25548673
0.27033335
0.55715132
0.21650752
0.55111188
0.84365714
0.44798693
0.28945699
0.68044221
0.32093719
0.18642718
0.33285034
0.17169735
0.25444296
0.40639648
0.77172130
0.45469296
0.81461173
0.21704830
0.17235097
0.31183228
0.59949714
0.10523913
0.12302046
0.64401740
0.39404702
0.47746637
0.39029694
0.50764352
0.39685512
0.59331924
0.26653385
0.40926802
0.27148095
0.32326731
0.33235371
0.38162985
0.20112839
0.37061387
0.30592349
0.23783602
0.48426628
0.31207654
0.65977091
0.22367811
0.67266107
0.24079771
0.16171230
0.57452589
0.19110975
1.81264138
0.84418517
0.47971004
0.68377984
0.26062560
0.36878720
0.34805205
0.34364071
0.42154837
0.26288149
0.14566495
0.39521876
0.36442855
0.46311322
0.33625737
0.36287305
0.50629973
0.27793151
0.23983736
0.21945257
0.36553520
0.52401882
0.37564853
0.14639671
0.28942695
0.68412405
0.22257686
0.23233148
0.14194703
0.11104597
0.43373993
0.21383131
0.28981021
0.24427311
0.37499046
0.27436045
0.70937616
0.42911762
0.37535417
0.35272840
0.75823766
0.95527858
0.40017098
0.39653978
0.36481601
0.61292225
0.34265125
0.39853075
0.27098599
0.65210372
0.50142711
0.42199591
0.29804099
0.39517346
0.49542347
0.67971826
0.30978951
0.28380957
0.16321854
0.47842368
0.33623111
0.74675024
0.44874761
0.35059378
0.35635844
0.17133789
0.75832337
0.22176367
0.34845644
0.99932885
0.64561486
0.37525457
0.64258128
0.36291942
0.32211486
0.40425056
0.38514569
0.26662925
0.47099283
0.38017237
0.29841909
0.50334758
0.59851509
0.56887692
0.30895644
0.39539796
1.13308084
0.31993169
0.45450893
0.48821276
0.76683748
0.46611241
0.58478016
0.18770298
0.40426412
0.27293831
0.51604664
0.40360770
0.36185378
0.75704086
0.40159419
0.68216586
0.48724768
0.33557519
0.44812527
0.46641260
0.60669023
0.50909340
0.14593992
0.19570269
0.21246715
0.51987594
0.09714413
0.29784301
0.65328306
0.19157439
0.22082222
0.40311354
0.22181819
0.44789991
0.22663046
0.26770437
0.15334779
0.40307608
0.83474642
0.46834168
0.30315939
0.71026909
0.48107460
0.27157807
0.30451104
0.21636494
0.43158051
0.53792298
0.59766084
0.50705075
0.44709012
0.28404489
0.35076576
0.28366879
0.26911688
0.40947255
0.38236946
0.35340458
0.45779344
0.40240896
0.21844248
0.66606528
0.24389319
0.32447210
0.37711233
0.39705667
0.14083430
0.61553091
0.34324235
0.48855579
0.25982696
0.38314995
0.48193699
0.25748968
0.39030290
0.30598044
0.18561560
0.42125890
0.30939987
0.49259290
0.49891928
0.44155395
0.41263747
0.33898059
0.41040257
0.24510410
0.46359026
0.40080819
0.20088176
1.03356218
0.09062953
0.42102128
0.50401103
0.32751086
0.38031358
0.29513827
0.22766416
0.54091227
0.43985531
0.20274957
0.37496853
0.14544877
0.59359550
0.38443241
0.45014077
0.42695287
0.33672434
0.37577435
0.34172931
1.34842241
0.42795128
0.34973979
0.80129898
0.89959174
0.90264308
0.45264471
0.41631654
0.22085844
0.27212271
0.35403353
0.27343023
0.26847571
0.53053033
0.40289861
0.16064902
0.62407804
0.78431565
0.88178885
0.35513455
0.36443877
0.52382874
0.29421195
0.45988268
0.58335590
0.42254966
0.26730445
0.39117923
0.24606475
0.75348991
0.29604134
0.21360841
0.15876272
0.60800403
0.27480707
0.09233271
0.76068985
0.43039760
0.54563504
0.15178101
0.37648007
0.41934833
0.70559812
0.36850515
0.18470235
0.33483666
0.25108176
0.17420465
0.19850774
0.74766940
0.75650698
0.52316219
0.34898981
1.13279498
0.39146489
0.27065039
0.30493578
0.35667011
0.06395026
0.31278396
0.65351015
0.63922983
0.17880279
0.32158688
0.23782349
0.18710122
0.55055791
0.43038261
0.24957679
0.27789658
0.34263265
0.19070999
0.46092904
0.47711971
0.36673462
0.28577393
0.35602853
0.25694126
0.51393324
0.18880720
0.34329489
0.51378578
0.32876462
0.43058091
0.42509517
0.58499700
0.32517597
0.48715052
0.30613399
0.56833011
0.58152038
0.42997524
0.45131233
0.49095759
0.42547795
0.58808327
0.63342702
0.31061631
0.42210937
0.61352485
0.37984601
0.62886316
0.34306616
0.18519089
0.31531447
0.50018662
0.24681416
0.32542926
0.15804695
0.32010782
0.77350444
0.35423008
0.31267297
0.22849447
0.26268873
0.34492010
0.56273466
0.18487941
0.17939807
0.11757805
0.23197198
0.54440898
0.33895859
0.36904860
0.13330506
0.57410908
0.52776080
0.57358617
0.26582453
0.44078913
1.04346108
0.42774260
0.53621519
0.44570330
0.38317212
0.50631291
0.13245508
0.58547819
0.09973027
0.37796631
0.46543998
0.35376808
0.42060307
0.17073719
0.23070478
0.20872365
0.50818461
0.28332070
0.48167449
0.22943845
0.18855408
0.31441694
0.10572132
0.37995088
0.10398348
0.47478944
0.16594258
0.36808416
0.40972665
0.13001855
0.31770039
0.35859874
0.96054828
0.11695575
0.12708968
0.54549527
0.40590063
0.45570120
0.23845057
0.27894765
0.32718521
0.52692097
0.49721995
0.52524012
0.22888876
0.30979243
0.44473156
0.22320615
0.32495990
0.47056478
0.34142822
0.18873686
0.61421955
0.10064363
0.45787010
0.20743580
0.46597734
0.64748526
0.19589783
0.31243843
0.25286689
0.12132751
0.93875164
0.23875344
0.87091416
0.72060317
0.53796911
0.23371139
0.53238410
0.33736780
0.87961930
0.32654351
0.22055751
0.37560913
0.94891882
0.15299425
0.39695653
0.26532990
0.64005697
0.52821374
0.47282249
0.34231552
0.54564208
0.22218017
0.55944490
0.30081466
0.27021891
0.48795414
0.27716336
0.54192793
0.23278348
0.96252686
0.46304473
0.29120016
0.31920037
0.21831046
0.46757072
0.23825681
0.12597385
0.15056852
0.28198805
0.13896339
0.40247366
0.16512413
0.56075227
0.62956953
0.35799465
0.45916370
0.64733148
0.52325177
0.50072116
0.12044161
0.61564493
0.33499336
0.53918421
0.35946524
0.50418156
0.37745890
0.84405476
0.74098337
0.21679489
0.30861077
0.50065380
0.31484047
0.25910270
0.39884797
0.19059126
0.68846565
0.19516358
0.34732082
0.40660170
0.61722517
0.46581721
0.47723699
0.31652814
0.67809951
0.39759931
0.31879923
0.28353998
0.54191619
0.58526874
0.32289553
0.61178887
0.69975513
0.71248537
0.15233472
0.23600775
0.38817656
0.09479181
0.28344917
0.63506144
0.20579693
0.14432518
0.20082055
0.80139780
0.38541478
0.38151336
0.45404515
0.39912292
0.93856901
0.30141753
0.75956184
0.16333297
0.57991600
0.16931541
0.07507546
0.34865502
0.44714725
0.19775330
0.27536371
0.44885665
0.36869398
0.47521859
0.24924973
0.26612696
0.50617796
0.37836307
0.48037431
0.26346603
0.46911186
0.52800143
0.92670810
0.39838323
0.34975746
0.48392609
0.50280344
0.24796334
0.36633590
0.78685302
0.23777059
0.31838968
0.71184474
0.70035464
0.91701311
0.51770878
0.20635605
0.59910643
0.35245794
0.17933065
0.34795696
0.23879053
0.32873511
0.27540517
0.34993440
0.11813313
0.80783546
0.45794451
0.17898358
0.43442360
0.10840920
0.26835409
0.57815379
0.11472379
0.77064651
0.29375091
0.26669294
0.44403151
0.26679003
0.30842546
0.25675112
0.38764367
0.14291665
0.14630003
0.36460084
0.17703581
0.40435764
0.45073569
0.24393110
0.28169546
0.80286986
0.61605078
0.44622388
0.26488358
0.22658086
0.23240149
0.39670008
0.29430005
0.34973666
0.31268138
0.12680534
0.69502234
0.27960601
0.85359550
0.42141783
0.18577293
0.78739083
0.26528469
0.36779943
0.18280286
0.26805913
0.26350617
0.33617777
0.27113622
0.40866029
0.55136168
0.29799980
0.44593829
0.27358383
0.69979143
0.60343224
0.62425882
0.21661022
0.24829121
0.14843270
0.18184765
0.85943907
0.57247782
0.28179798
0.14903967
0.26787397
0.62607819
0.41335544
0.79348308
0.23286366
0.50616533
0.54333287
0.80887783
0.70251054
0.47791913
0.57624155
0.60029775
0.75095981
0.45767412
0.32519397
0.37531778
0.32881281
0.34673169
0.24968052
0.32649603
0.36141315
0.32099327
0.24218491
0.34565213
0.26352549
0.61782181
0.18732934
0.73229581
0.27922004
0.48550776
0.21072638
0.37322444
0.69338304
0.72094327
0.61985725
0.33210686
0.19956876
0.28795391
0.13019854
0.41628796
0.45499673
0.29383823
0.40837812
0.50243026
0.10419005
0.24685578
0.18576290
0.72583282
0.55751973
0.44375250
0.70547283
0.45024636
0.18648775
0.23642580
0.46982640
0.20627753
0.11818081
0.40532053
0.65896046
0.14989765
0.63191944
0.25269672
0.51960635
0.52394772
0.52124912
0.89425606
0.52908456
0.34438005
0.30827832
0.21932711
0.38978037
0.39109719
0.57382113
0.40434447
0.32665893
0.52286440
0.51014143
0.25036493
0.28476745
0.37392899
0.97148484
0.53791779
0.18007845
0.14194685
0.48160806
0.22158377
0.81799978
0.12795435
0.33233720
0.58540386
0.45159101
0.99066216
0.41800681
0.29173839
0.43695456
0.36502656
0.26554433
0.19902335
0.22860374
0.66660231
0.32236299
0.28868628
0.54632390
0.45786303
0.14830056
0.36350444
0.46326315
0.86002719
0.63682061
0.20969795
0.39501786
0.80336207
0.43903521
0.20809627
0.30792060
0.14056845
0.37139508
0.49137881
0.57668680
0.28612205
0.35406524
0.21568930
0.65389425
0.37591815
0.46874002
0.25518900
0.74402946
0.23468050
0.45783666
0.66759694
0.26434463
0.44705635
0.39003828
0.43077537
0.34293914
0.27991360
0.51142925
0.19856794
0.65674949
0.15856570
0.99231124
0.32194403
0.30531648
0.18224682
0.36548901
0.17415956
0.14035559
0.53145772
0.40178448
0.26431775
1.18099427
0.48196244
0.11291257
0.31047928
0.49773011
0.08248910
0.35684282
0.83782381
0.46214557
0.17499487
0.38111961
0.80100483
0.47277519
0.69592941
0.45292729
0.46556488
0.20342079
0.35008037
0.30094087
0.16885568
0.30756021
0.62317014
0.23100553
0.15120439
0.52268583
0.12868257
1.17441392
0.71404779
0.38927326
0.53959018
0.41029245
0.63681757
0.43385458
0.52662259
0.97996449
0.73032647
0.28059229
0.30232844
0.26193610
0.16999798
0.24400711
0.27932504
0.30316931
0.68269551
0.46611384
0.19169383
0.59895647
0.35239962
0.17725624
0.27057165
0.63604969
0.79342085
0.52063984
0.14049128
0.25769818
0.36166233
0.34347630
0.21374132
0.73479885
0.41246158
0.24043962
0.55405402
0.31757107
0.88704395
0.39462742
0.13406800
0.13587458
0.27801883
0.64563286
0.37050998
0.62604576
0.80047095
0.31516790
0.39321643
0.28773052
0.12095480
0.96944386
0.39886487
0.14889209
0.18221945
0.46633908
0.59839517
0.25746733
0.42321408
0.26912409
0.69406068
0.46411771
0.31239173
0.54801339
0.60742885
0.55510896
0.55736339
0.45395869
0.23071323
0.49046421
0.81413907
0.24567021
0.29153106
0.23879704
0.43529215
0.30078727
0.80880249
0.27394602
0.38230404
0.22573212
0.54161906
0.37346011
0.19088924
0.23146644
0.28460354
0.27052587
0.66300297
0.24081451
0.45177621
0.19209373
0.29951340
0.14235924
1.10234213
0.11914489
0.36068064
0.54085851
0.32086980
1.14280486
0.17664698
0.14513096
0.13873002
0.45321456
0.52611989
0.63852650
0.64160961
0.78373533
0.33848503
0.30472064
0.31649849
0.26056871
0.32753539
0.29278803
0.85997576
0.37837097
0.74440706
0.25124165
0.15087833
0.18600081
0.41996330
0.61974537
0.66819453
0.43324575
0.53413749
0.31735450
0.14683725
0.63994038
0.15669203
0.57000124
0.44099745
0.70675892
0.65049624
0.64853799
0.32772329
0.26157901
0.63415504
0.64725071
0.29644907
0.42132747
0.23432405
0.27769449
0.52281195
0.67866629
0.71693629
0.21095172
0.31437501
0.47980621
0.20891425
0.35624367
0.16302513
0.34548247
0.21655779
0.33219662
0.48793653
0.30263925
0.80434674
0.35461009
0.73028493
0.15827462
0.53178871
0.62963641
0.37868094
0.55105144
0.43839243
0.63199389
0.39537945
0.91208637
0.73763376
0.41914517
0.25434375
0.65545452
0.41165522
0.50627124
0.68688214
0.39206246
0.34576866
0.69366169
0.33642921
0.67870325
0.20313130
0.14056605
0.34405851
0.37388790
0.08112957
0.52230603
0.28004026
0.65296310
0.59723663
0.27552468
0.30955011
0.64472955
0.80312389
0.23574118
0.87210023
0.49113426
0.45374334
0.68342954
0.55134571
0.26531452
0.56098485
0.33512351
0.48350346
0.38652027
0.46699128
0.22402027
0.53030288
0.52706617
0.48196286
0.35692146
0.36968693
0.86175692
0.48804858
0.67845374
0.41090262
0.74828219
0.38963613
0.88529193
0.32383004
0.24103740
0.31137803
0.45243919
0.64225119
0.35482696
0.18529238
0.36486644
0.35415557
0.55420285
0.79808462
0.44772714
0.56322610
0.60001588
0.52094489
0.99262363
0.64908618
0.59357297
0.40319544
0.87639689
0.58942467
0.50805873
0.51629543
0.30782372
0.91388774
0.56917614
0.62342346
0.43425715
0.30355692
0.40308127
0.44202751
0.65579778
0.23566009
0.74597865
0.79906660
0.32145399
0.70983571
0.21675262
0.63771933
0.40228650
0.23020346
0.55956173
0.26761833
0.36488548
0.68392217
0.56095636
0.22608086
0.67353326
0.47128624
1.12397134
0.66066682
0.38409188
0.42810410
0.73592597
0.89285463
0.90357876
0.70795780
0.59026623
0.34670514
0.79482919
0.46698895
0.23298404
0.55603260
0.28433841
0.74711758
0.74552995
0.23558025
1.19811189
0.59218132
1.09820020
1.01477706
0.38165757
0.45198461
1.11206388
0.51036656
0.16698977
0.51390994
0.57468599
0.79967964
0.57526481
0.27193269
0.61309755
0.28080192
0.52632684
0.64656353
0.08410853
0.69325042
0.28170374
1.02634406
0.45032772
0.57545269
0.66759473
0.39137825
0.59360027
0.25548428
0.62043959
0.48043892
0.53705585
0.56569344
1.08558059
0.67973632
0.71635431
0.48105770
0.46744838
0.48570555
0.57871175
0.82390606
0.39990196
0.83429176
0.26079595
0.72748429
0.19567965
0.83501911
0.37713549
0.39872128
0.46117118
0.29459980
0.64369261
0.56986755
0.60225642
0.29745752
0.41178632
0.36348104
0.55911136
0.59803361
0.59231073
0.18553399
0.26282018
0.45840567
0.47121844
0.68610114
0.39266694
0.18518618
0.83897060
0.31416148
0.37094209
1.32720637
0.52585113
0.37237623
0.53254998
0.47191575
0.46008357
0.52633482
0.36694160
0.43433711
0.53762740
0.50638294
0.98827106
0.45431018
0.17603236
0.20376229
0.39871407
0.69358605
0.25957918
0.56741893
0.22906585
0.54918522
0.73659670
0.42719012
0.55084956
0.61579335
0.59838289
0.38384494
0.63036871
0.55946273
0.61360997
0.24101815
0.41730839
0.50410390
0.18147931
1.24882102
0.22573851
0.49803367
0.63895160
0.56829685
0.69790226
0.88625425
0.49192989
0.71864784
0.51613224
0.49905583
0.45169726
0.41742262
1.18862903
0.28254277
0.44184619
1.00510716
0.38615125
1.05875635
0.66607541
0.59340549
0.26936504
0.54540426
0.37889409
0.53946316
0.34207892
1.01399851
0.54408413
0.38658237
0.36985609
0.25448340
