0.05820615 -0.01692654 -0.02193211 -0.01934750
0.02183148 -0.00629473 -0.00826277 -0.00727398
0.01000770 -0.00292508 -0.00376321 -0.00331940
0.00133828 -0.00038886 -0.00050091 -0.00044851
0.03807590 -0.01108504 -0.01434270 -0.01264815
-0.00394539 0.01739143 -0.00743245 -0.00601359
0.01790123 -0.00521008 -0.00673877 -0.00595238
-0.00492633 -0.00835631 0.01674191 -0.00345927
-0.01316762 -0.02189645 -0.00331839 0.03838245
-0.03209407 -0.05428533 0.07552936 0.01085003
0.03427590 -0.00996882 -0.01290872 -0.01139836
-0.00065406 0.00231868 -0.00147118 -0.00019344
-0.01220133 -0.01885373 0.05748421 -0.02642915
-0.00648326 0.02890419 -0.01203844 -0.01038249
-0.02109537 -0.03496786 -0.05760841 0.11367165
-0.00984932 -0.01614640 -0.01056816 0.03656388
0.00590042 -0.00169966 -0.00223497 -0.00196579
-0.02140908 -0.03491548 -0.03057937 0.08690393
0.09480533 -0.02756006 -0.03572281 -0.03152246
0.01073517 -0.00312116 -0.00404670 -0.00356731
-0.02453415 -0.04063831 -0.06744297 0.13261543
-0.02283427 -0.03859671 -0.02750677 0.08893775
-0.01019493 0.04471925 -0.01902271 -0.01550161
-0.01882977 -0.03147010 0.00058585 0.04971402
-0.02118523 -0.03498474 -0.06005412 0.11622409
-0.02183064 -0.03701733 0.03337814 0.02546984
-0.06353988 0.27864109 -0.11850360 -0.09659762
-0.00470069 -0.00772356 -0.01357770 0.02600195
-0.00073713 0.00278721 -0.00159710 -0.00045299
-0.00510399 0.02237571 -0.00952147 -0.00775026
0.07676487 -0.02229512 -0.02893731 -0.02553244
0.01194652 -0.00347962 -0.00449663 -0.00397027
-0.02410264 -0.03754812 0.11985245 -0.05820168
-0.00269909 0.01179917 -0.00468815 -0.00441193
-0.02298493 -0.03791379 -0.06564929 0.12654801
-0.00636097 -0.01018663 -0.01591536 0.03246296
-0.01407467 -0.02427481 0.04836492 -0.01001544
-0.00492836 0.02160568 -0.00918623 -0.00749110
-0.01364641 -0.02304696 -0.01905123 0.05574460
-0.03740291 -0.06035124 0.15787245 -0.06011830
-0.00927684 -0.01432437 -0.02650209 0.05010330
-0.02478425 -0.04156480 0.09660415 -0.03025510
0.02639845 -0.00767662 -0.00994583 -0.00877599
-0.01383834 -0.02245771 -0.02894553 0.06524159
0.03769673 -0.01096195 -0.01419960 -0.01253518
-0.01916480 0.08403056 -0.03571614 -0.02914962
0.02328372 -0.00671404 -0.00880784 -0.00776183
0.00572306 -0.00164097 -0.00217118 -0.00191091
-0.04099293 -0.06412360 0.18003899 -0.07492246
0.06964571 -0.02026277 -0.02623607 -0.02314686
-0.00994929 -0.01547066 -0.02798300 0.05340296
0.00139599 -0.00040277 -0.00052626 -0.00046696
0.00100842 -0.00029985 -0.00037849 -0.00033008
0.04109329 -0.01195462 -0.01547604 -0.01366263
-0.01522016 -0.02573924 -0.01780274 0.05876214
-0.01434904 -0.02366898 -0.04099238 0.07901040
0.05023206 -0.01460423 -0.01892894 -0.01669889
0.01372442 -0.00400498 -0.00516523 -0.00455421
-0.01478501 0.00264996 0.04941019 -0.03727514
-0.00379743 -0.00629426 -0.01035826 0.02044995
0.00335183 -0.00098439 -0.00125699 -0.00111045
0.07197913 -0.02093544 -0.02711458 -0.02392911
-0.02353523 0.10324891 -0.04390561 -0.03580807
0.04504073 -0.01307468 -0.01698907 -0.01497698
-0.01180927 0.05179133 -0.02201493 -0.01796713
0.06518943 -0.01899072 -0.02454463 -0.02165408
-0.01094558 -0.01809468 -0.03062343 0.05966368
-0.00332296 0.01459425 -0.00620945 -0.00506184
0.02732165 -0.00793892 -0.01029996 -0.00908277
0.05087603 -0.01479339 -0.01917116 -0.01691149
0.00572909 -0.00165861 -0.00216576 -0.00190472
-0.01471555 -0.02534348 0.03831180 0.00174723
0.12335444 -0.03587397 -0.04648500 -0.04099547
-0.02077204 -0.03472624 0.00194861 0.05354967
0.09981198 -0.02899049 -0.03763429 -0.03318719
-0.00928544 -0.01450060 -0.02582773 0.04961377
0.00631951 -0.00182529 -0.00238948 -0.00210474
-0.01405877 0.06171224 -0.02627300 -0.02138047
0.02559767 -0.00742288 -0.00966355 -0.00851124
0.01049282 -0.00304300 -0.00395705 -0.00349277
